46.5266128 6.472109 46.5142874 6.6911445
46.6004499 6.5289023 46.6109278 7.0603828
46.8043707 7.1264854 46.8334136 7.0573925
46.8166688 6.7856183 46.8453667 6.5146366
46.4702504 6.9119206 46.7962747 6.8235333
47.0090072 7.0228018 47.0640697 6.9159286
46.4734786 6.8637638 47.0150411 6.9933005
46.4374386 6.2497137 46.541784 6.769664
46.4859754 6.4476755 46.4690568 6.8394125
46.904158 6.9896054 46.7033311 6.5945969
46.5176687 6.523651 46.6169781 6.8699476
46.5516845 6.5709866 46.4715232 6.4250411
47.0471724 6.736678 46.6405826 6.6416809
46.7980985 7.1296187 46.6877026 6.3768876
46.5330898 6.5774499 46.8052221 7.1450777
46.5123837 6.4788267 46.8159665 7.1317289
46.5348898 6.6216983 46.8228548 6.952309
47.0541598 6.7523281 46.721301 7.0881481
46.8457699 6.858661 46.4596634 6.8414566
46.8473562 6.6252019 46.6546057 6.8692282
46.6656291 6.5025476 46.598938 6.6580661
46.6302472 6.9717094 46.5234572 6.9311028
46.7444385 6.9943118 46.5914835 7.0582652
46.7773809 6.9890251 46.5126855 6.632006
47.0512706 6.8782904 46.6770763 7.0795936
46.4803884 6.8463463 46.730002 6.8706176
46.6074746 6.5086164 46.6089402 6.5837091
46.54768 6.6427239 47.1065455 6.8305167
46.8779279 7.0397761 46.5949182 7.0574147
46.9068004 7.0721391 46.901447 7.1387134
46.8127954 6.8303904 46.634702 6.397474
46.8858167 6.7631292 47.0739863 7.0535594
46.5671437 6.6568395 46.9917577 6.9323548
46.9891181 6.8949803 46.4630284 6.0723689
46.6546785 6.6039405 46.5630779 6.5225707
46.5278159 6.596849 46.5409612 6.5759517
46.5520051 6.5712911 46.5234765 6.7164351
46.4351976 6.2176603 46.8325619 6.8648629
46.5981539 6.5361192 47.0299153 7.1155545
46.9246988 7.1077546 46.9178429 7.0120915
46.5430307 6.6917879 47.154184 6.9998911
46.4515574 6.3102816 46.5394934 6.8117487
46.7291778 7.1326743 46.4536774 6.8661733
46.6252908 7.0787768 47.2552964 6.9978454
46.5457595 6.5676329 46.5754197 6.7892788
46.5377422 6.80987 46.5239891 6.6021663
46.6849609 6.9553735 46.7848728 6.7475561
46.8994204 7.1442642 46.5868819 6.2153153
46.6779203 7.0709516 46.4609258 6.8388377
46.5750756 6.4301591 46.7753946 7.0786976
46.9259788 6.8209608 46.9010942 7.1388901
46.7691681 6.5831409 46.5843257 6.8042609
46.5763164 6.488775 47.0240184 7.0286979
46.5185105 6.5228899 46.521106 6.584678
46.5242229 6.5941097 46.5509095 6.5678041
46.6040256 7.0582573 46.7946873 7.1255541
46.8095098 7.1456867 47.0491102 6.7422386
46.5437526 7.0834139 46.8119046 7.136366
46.960105 7.0590242 46.7527595 7.1066848
46.6149103 6.509336 46.9594944 6.8355681
46.4992761 6.3681551 46.5296768 6.5660315
46.9890147 6.9217965 46.5842745 6.2148454
47.0534727 7.0689213 46.5062014 6.4646935
46.8283165 6.9481836 46.608694 6.9165733
46.7269967 7.0436122 46.7954942 6.6265488
46.7288068 6.5235335 46.5363507 6.4602137
46.8802802 7.032268 46.7094845 7.0573832
46.5939006 6.6254107 46.553265 6.6274305
46.91157 7.132382 46.8750536 7.0549013
46.5219932 6.612688 46.5294595 6.5627921
46.6988112 6.9180683 46.7868055 6.6377207
46.4620858 6.4008282 46.7702316 7.102871
46.4752154 6.3397602 46.5002337 6.7802391
46.8895519 7.0861059 46.8072274 7.1054498
47.1173806 7.1362631 46.5496608 6.9096601
46.4710429 6.3694242 46.5072606 6.701547
46.5320819 6.6293854 46.5152177 6.5377409
46.7441866 6.9962468 46.5229838 6.5384637
46.8107564 7.1393926 46.7718846 6.9468331
46.8684877 7.0116662 46.7945161 7.0596238
46.6029078 7.0936644 46.733835 6.4867624
46.4856521 6.7723542 46.6961793 6.8215286
46.5599114 6.6097733 46.5357328 6.5615902
46.6290808 7.1087151 46.8484682 6.8388975
46.4437923 6.306937 46.5396447 6.5888098
46.5575219 6.6844385 46.5175753 7.0731242
46.64521 7.0657644 46.4419383 6.9111207
46.7943909 7.142703 46.4728461 6.3610473
46.9210132 7.1145797 47.0560248 6.8891453
46.5732365 6.9307241 46.833453 6.6564749
46.4557084 6.2961898 47.0178516 6.9920932
46.9586441 7.110079 46.992934 6.929995
46.466713 7.0853846 46.8529196 6.6521593
46.5149276 6.9088943 46.8710061 7.0093252
46.5681902 6.6045963 46.9497834 6.839232
47.0746064 6.9700474 46.4609661 6.8477592
46.4582896 6.8503332 47.031272 6.8674375
46.4448292 6.1501378 46.9072323 6.5822144
46.9652742 6.8643738 46.541672 6.6540726
46.8294172 7.0640995 47.2709823 7.1136725
46.4433713 6.9119535 46.6473299 6.7291222
47.0802207 7.0634245 46.708367 6.686559
46.4599218 6.8732374 47.0392427 7.031402
46.5927877 7.0565418 46.5544118 6.5526754
46.6385803 6.6423662 46.523957 6.6015541
46.587301 6.7850296 46.5407257 6.5740998
47.1500385 6.9919483 46.4682788 6.3236247
46.7917866 7.1192339 46.8097307 7.1451807
46.8194162 6.9581002 46.5836643 6.6053491
46.7275946 6.8980271 46.4862721 6.4150329
46.8633385 6.8816948 46.8403858 6.8466365
46.5004684 6.702885 47.1514806 6.9918757
47.059222 7.0613664 46.7496217 6.8579439
46.6411013 6.6344615 46.4575705 6.8524862
46.8401345 7.1381427 46.8006379 7.101648
46.6138443 7.0539168 46.464869 6.8950278
46.5994644 7.103304 46.4634137 6.3347848
47.2485254 6.9624177 46.52688 6.6162961
46.5494051 6.55876 46.5882962 7.0848
47.0118168 6.9771777 46.7508435 6.5274686
46.5031163 6.6991149 46.4848963 6.7761007
46.5228692 6.6801074 46.8235267 6.5013069
46.6220063 7.0711858 46.4351976 6.2176603
46.8491739 6.7149296 46.9843787 6.8961493
46.5317968 6.628467 47.1095467 6.8351288
46.7432475 6.5335958 46.621155 7.1491634
46.5438714 6.5900682 46.5226634 6.5555616
46.4569165 7.1398787 46.5877678 6.4305947
46.7043406 6.4456422 46.446066 6.2223867
47.000388 6.9467179 46.6031297 6.2354575
46.8385268 6.6886287 46.9669779 6.7293278
46.6304113 6.2593863 46.6914784 7.1320221
46.8801263 7.0409784 46.5102494 6.6353832
47.1048323 6.836039 46.8259261 7.1376514
46.4844837 6.8481454 46.5089089 6.6589677
47.0994917 6.8331023 46.9811153 6.8727107
46.6864714 6.7340689 46.9048052 6.9353066
46.5918926 7.0527757 46.8263204 7.1469748
46.5243616 6.5603443 46.8484636 6.9200301
46.5499041 6.5562026 47.1409872 6.969063
46.8829036 7.0467508 46.792331 6.6078947
46.8212557 7.0966772 46.5233493 6.5405308
46.9816248 7.1161218 46.497891 7.0393711
46.9193181 7.0235542 46.5084365 6.5580259
46.9918219 6.9240173 46.9871468 6.9086094
46.9002422 6.5808965 47.0718336 6.7174749
46.6685335 6.7972322 46.7092563 7.0527597
46.593409 6.628688 47.1002965 6.8372305
46.5134509 6.6256112 46.5944766 6.5393947
46.5424238 6.8192358 46.9780459 6.5348912
46.4584677 6.2934194 46.667049 7.0742387
46.8325488 6.8327518 46.5631914 6.5220284
46.4300128 6.0727678 46.4312329 6.910669
47.0835894 7.1338437 46.5947295 7.0268143
46.6063535 6.6793372 46.5947758 7.0839813
47.1102913 6.8325374 46.4787581 7.0539844
46.6707514 6.5068258 46.4584274 6.2166095
47.1053255 6.8309509 46.4991489 6.6973149
46.5676603 6.8574213 46.5183957 6.5656098
46.5542569 6.6970869 46.8114769 7.1298252
46.6303611 6.6759402 46.6160278 6.4720317
47.0093215 7.0260216 46.5459468 6.5485742
46.7228366 6.5992555 46.7422012 6.5203334
46.6443877 6.8163587 46.7518786 6.5185522
47.0156897 6.710437 46.616997 7.0459965
46.8761805 7.0323998 46.5250714 6.6025834
46.6032483 7.0959734 46.4627007 6.2093055
46.7797339 7.0385083 46.4957927 6.7915305
47.0004589 7.1038833 46.4392179 6.2517278
47.0465441 7.0413369 46.6193955 6.8226465
46.5708 6.8177571 46.5224006 6.5394464
46.8081402 7.0861855 46.9307321 7.0390819
46.9526457 6.8340893 46.576227 6.8713031
46.7778505 6.6349812 46.7303982 6.8710258
46.7950937 7.1184545 46.479464 6.8321932
46.6339255 6.4956893 46.7181884 6.9179923
47.1375529 6.894093 47.0648064 7.0962929
47.0238254 6.9870226 46.9972844 7.1066637
46.5867186 6.8408932 46.9658815 7.1219825
46.5173473 7.0541896 46.7358911 6.640612
46.7684942 6.6435905 46.7056819 6.400648
46.4325535 6.927294 46.5321467 6.6273805
46.45056 6.8668627 46.6421768 7.0510166
46.522694 6.9430989 46.5993602 6.6122142
46.9873786 6.8690842 47.0252785 6.9470323
46.9107528 7.0826285 46.5185451 6.6417268
46.6697962 6.5303771 47.105041 6.8282795
47.1702626 7.1193495 47.2597453 7.1299317
46.9091171 7.1093899 47.2567312 7.0731706
46.4480983 6.1357717 46.8968133 6.6926859
46.6305916 7.0575317 46.9456246 6.5939481
46.5126499 6.6452564 46.7041631 7.0511932
46.7577572 7.0827891 46.5519969 6.5522791
46.5234241 6.6383439 46.4987259 6.7823566
47.025078 7.1483439 46.6841575 6.604167
46.7931051 6.5297023 46.8914349 6.9797684
46.4740166 6.4136931 46.7040808 6.9207203
46.8309725 7.0717197 47.2562948 7.0734864
46.8765806 7.0436861 46.6249647 7.0163945
46.7200428 7.1021508 46.581717 7.070651
46.5531373 6.573821 47.110596 7.0748919
46.870836 7.1318947 46.8912414 6.978714
47.0552172 6.7514339 46.5336091 6.5921433
46.5282047 6.5366342 46.5210197 6.6437192
46.5170611 6.5738358 46.8016515 7.0334868
46.599737 6.484487 47.0723171 6.7208413
46.4979247 7.0369361 46.5015184 6.7712876
46.7941093 6.749841 46.5151747 6.6854184
46.5040162 6.9000292 46.6163492 6.9835641
46.7572068 7.0230124 46.9743932 6.8552533
47.2488344 6.9566089 46.757626 6.6426073
47.1094377 6.8422256 46.624355 6.5279936
46.9507128 7.0733423 47.0550492 7.0483743
47.2411081 7.0904093 47.0137538 7.1110365
46.9299033 6.8079469 47.071021 6.839692
46.5192491 6.6607084 46.6037527 6.3781726
47.2209536 7.0281227 46.8988171 7.0503222
46.8216036 6.790913 47.04652 6.784399
47.0685813 6.7570846 46.8540698 7.0860516
46.5234902 6.5200965 46.7609846 6.8913208
46.5239152 6.8677423 46.6147724 6.6223551
47.0138507 7.0084999 46.4899161 6.4618453
46.6236681 7.0548183 46.6019251 6.5861936
47.0074029 7.0028867 46.8501081 6.5800381
46.5067221 6.6923143 46.5188078 6.4284277
46.6111806 7.0439977 46.7104728 6.3855839
47.1076677 6.8319299 46.8826536 7.1397334
46.8751923 6.9263845 46.8827949 6.9729435
46.7621796 6.751984 46.989908 6.843261
46.4863593 6.7708073 46.5370847 6.586835
46.6590775 6.4759999 46.7020673 6.5714584
46.4409132 6.890914 46.9125999 6.5785435
47.2530653 7.0096267 46.5337203 6.6539234
46.5494079 6.5614412 47.006515 6.942349
47.0135794 6.9849426 46.5274995 6.5731435
46.5073277 6.6859894 46.8435862 6.9064858
46.7210824 6.7105426 47.0642915 6.9159949
46.5691313 6.6606652 46.6343827 6.8393783
46.7795769 6.6330365 46.4887674 6.8061559
47.2093848 6.9525039 46.6119235 6.5122584
46.6058366 7.0686186 47.0371521 6.8746895
46.8815465 7.0441441 46.7140125 6.3835854
46.8267839 6.9562978 46.6174482 6.4731033
46.4640037 6.891374 46.9501557 6.8527854
46.5132779 6.49248 46.4661423 6.3771722
46.6448907 6.5759543 46.5044043 6.6704686
47.1011945 6.9900962 46.7801563 7.1283319
46.6429852 7.0703641 46.493606 6.7341547
46.790268 6.9594631 46.7335917 6.7646173
46.6141933 7.0467039 46.5855888 6.8022288
46.7261765 7.0960406 46.466713 7.0853846
46.6454821 6.2787065 47.1889902 6.934099
46.4798238 6.4419673 46.7037023 7.1482503
46.9177687 6.6004655 46.6296528 6.5771275
47.2772531 7.0588369 46.4817603 6.4021839
46.7502322 6.5174601 47.0116112 6.7535831
46.84802 6.8455132 47.0237922 7.0398284
47.0340043 6.867791 46.7869649 6.6348424
46.9834537 6.9084779 46.602682 7.0740893
46.7805635 6.643402 46.8478449 6.8452766
46.7900303 7.1156865 46.4650643 6.8344021
46.5185024 6.7479218 46.908413 7.1045404
46.7686164 6.6417473 46.7097053 6.7280019
46.9370264 7.1259457 46.6908502 7.0069068
46.8135983 6.8780091 47.0078477 7.0944544
46.8934049 6.986474 46.4634054 7.1235159
47.2548908 7.1347373 46.8244826 7.1109063
46.5691107 7.0702431 46.4581931 6.9145477
46.7786204 6.657253 47.2237914 7.0026776
46.9899337 6.8888742 46.6445901 6.6375224
46.7059542 6.5665261 46.9970236 6.7280985
46.8153657 7.1275091 46.4945202 6.2596081
46.4905526 6.3831504 46.5745133 6.7641365
46.5535865 6.5559275 46.767638 6.8865567
46.4895801 6.7214768 46.5643273 6.6051447
46.4748775 6.324586 47.2206147 7.094904
46.8435862 6.9064858 47.159456 7.0195932
46.8573181 7.0715685 46.6194561 6.98736
46.6028437 6.7786243 46.7920884 6.9399816
46.9568988 7.1030917 46.627135 6.7921836
46.9551593 6.8555039 47.2250511 7.0275951
46.5063756 6.6996596 46.5978354 6.5315112
47.2209468 6.9519308 46.4821757 6.8293386
46.514422 6.5396534 46.5911509 6.6257918
46.5583746 6.5521805 46.5034414 6.682351
46.9116704 7.1261928 46.5028604 6.4411983
46.9858158 6.9082661 47.0182775 6.9926259
46.5715355 6.4780476 47.1349323 6.966818
46.8238469 6.9517513 46.7434879 6.5266862
46.9516939 7.0294733 46.5133115 6.4925572
47.2543385 7.12971 46.987584 6.8761626
46.6613149 7.0288337 46.5085831 6.7073879
46.9816248 7.1161218 46.7450146 6.7070136
46.6407406 6.6362058 46.78507 7.087454
46.5092736 6.6411453 46.8103326 7.1437734
46.5895641 6.6187262 46.8265184 6.809696
46.5788761 6.6357873 46.5431838 6.5910619
46.6338775 6.6121692 46.6100173 7.0952543
46.5274689 6.5893022 46.8974047 6.5768452
46.4762894 6.7773295 46.867699 7.1331803
46.6290808 7.1087151 46.6404446 6.637663
46.8165854 6.8897839 46.7542355 7.0280026
46.9926203 6.9116692 46.9868195 7.1513033
46.552747 6.5693717 46.6748477 6.6815958
46.6104859 6.8556324 46.4993263 6.7703394
47.0644402 6.7613146 46.6568086 6.2508633
46.707254 6.8879395 46.641491 6.6315226
46.9118737 7.1506926 46.8080952 7.1322745
47.2552749 7.135218 46.5191408 6.6670233
46.467528 6.2569254 46.455705 6.8911895
46.5183957 6.5656098 46.4896215 6.7881589
46.7356394 6.4791094 46.9368713 7.1363672
46.8091889 6.9284593 46.6590156 6.5064213
46.7062517 6.4412895 46.5092515 6.5441453
46.5155468 6.7799866 46.7380936 6.7641032
46.6109619 7.0662609 46.571573 6.130984
46.4980322 6.764708 47.1082456 6.8282193
46.4740152 6.8505409 46.7081821 6.9761212
46.584167 7.0572018 46.8440814 6.9069774
46.9492516 7.0283585 46.6093804 6.6193428
46.5044616 6.6866612 46.875355 6.9268828
46.5289972 6.934668 46.8495793 6.8471918
46.7278956 6.7932387 46.5264603 6.608774
46.8153657 7.1275091 47.031944 6.8012808
46.9677842 6.8622364 46.4637504 6.8434669
46.711076 6.8395794 47.0437572 7.0996651
46.5571012 6.6335171 46.6967029 7.1388196
46.4524057 6.2865642 46.5047312 6.4837654
46.7984671 7.1395779 46.5284282 6.8298132
46.5243339 6.5408631 46.9220888 6.634131
46.7316149 6.528937 46.818113 6.9990857
46.903455 6.5798148 46.9708634 6.8617248
46.5126647 6.5294542 46.7249043 6.5976383
46.791566 7.0682802 47.0354515 6.7025786
46.8182231 6.8653743 46.9792422 6.606996
46.5522838 6.6814039 46.486164 6.7820605
46.9736237 7.1354119 47.2557079 7.0025895
46.5899436 6.6643008 46.7806288 7.1503768
46.5138097 6.5596201 46.5423723 6.5922164
46.886748 6.547431 46.4748532 7.1452756
46.7163249 6.555394 46.5123344 6.6594579
46.780604 6.6685939 46.4760454 6.4445645
46.5355445 6.5460244 46.8025986 6.9371801
46.627005 7.0866348 46.9088643 6.4817513
46.9881362 6.8992088 46.4742214 6.8754039
46.5215408 6.5390905 46.8267914 7.0668026
46.8211933 6.5011998 46.4408132 6.2430425
46.5547089 6.5099578 46.6152132 6.7154974
47.0502207 7.0335816 46.826873 6.9287849
46.566127 6.4335615 46.9064707 6.9381088
46.5194734 6.5997839 46.7557262 6.9341794
46.4741414 6.8480043 46.4747228 6.3594185
46.5094169 6.4898889 46.876973 7.0347634
46.5084392 6.4876542 46.8688391 7.1286695
46.7235004 7.1039757 46.5547131 6.5783831
46.6217158 6.9099626 46.5016217 6.4501072
46.4655432 6.904167 46.6057082 7.087716
46.6695828 7.0631706 46.5405009 6.5056472
46.619246 7.1380685 46.6069324 6.9491247
47.0183006 7.0475184 46.624825 6.4418485
46.4607851 6.3227494 46.5269263 6.5155934
47.0840483 6.8386314 47.0909578 6.8141858
46.5529051 6.8279753 46.6575373 6.8753917
46.6215892 6.5470925 46.9983594 6.9368638
46.7980487 7.1293472 46.746046 7.1175178
46.6932862 6.7042062 47.2368689 7.0775345
46.5986602 7.0583736 46.6869421 6.8178183
46.7398638 6.5080064 46.7205012 7.0705817
47.0510536 6.7199265 46.983942 6.9030631
46.7206787 6.5131792 46.7922055 7.1040223
46.9225725 6.698443 47.1488159 7.0006994
46.9210653 7.1096406 46.4686072 6.8356911
46.5441688 6.5662937 46.5352034 6.5982056
47.0995233 6.8388485 46.6366456 6.6018052
46.5130496 6.6281973 46.6886838 7.0812038
46.6484366 6.5322235 46.5373999 6.7328317
46.4907248 6.7560593 46.8330684 6.8617509
46.548395 6.6772428 47.0112363 6.9778781
46.5474151 6.6078678 46.4774672 6.0861275
46.5514492 6.6798316 46.977805 6.838062
47.1516608 6.9965712 46.549541 6.5603887
46.513831 6.6887209 46.5263072 6.8980703
46.554111 6.5506802 46.8064369 7.1464317
46.4526207 6.8641506 46.8463819 6.8544566
47.1159532 6.8361614 46.6107096 7.067649
46.7852239 7.0631221 46.802684 7.1492539
46.6806417 6.767229 47.124071 6.8308568
46.6953957 6.5156553 46.4820413 7.1434786
46.564448 6.571007 46.8938816 6.774207
46.5388329 6.4561457 46.59952 6.5101313
46.4704625 6.2281458 47.1009029 6.8292985
46.5927877 7.0565418 46.5056141 6.6756949
46.7788945 6.6555163 46.6431714 6.6350514
46.7845473 6.7649421 47.0358014 6.7966859
46.6980302 6.5746873 46.5127091 6.5322794
46.6817357 6.8707181 46.6011374 6.6825835
46.6849609 6.9553735 46.4556526 6.8875112
46.728351 7.1324646 46.5418614 6.5971425
46.9261392 7.1162206 46.6182373 6.4099327
46.5173004 6.5698135 47.0430573 7.0126041
46.6484179 6.5308894 46.6393567 6.6293844
46.4503757 6.8908142 46.8487384 6.6239976
46.4630918 6.8811407 46.8150063 6.9312097
46.7591074 7.0024369 46.9336257 6.8191195
46.5211958 6.5010343 46.8163569 6.8887258
46.7852502 7.0914163 46.5673624 6.5998563
46.4468784 6.2358757 46.4502658 6.1682921
46.8068895 6.7704018 47.0905622 6.8261703
46.7590022 7.0913801 46.9332246 6.776014
46.5907148 6.7337096 47.0603282 6.7538833
46.7302855 6.5561675 47.2691068 7.1111226
46.5364652 6.57025 46.5521386 6.6917772
46.5114672 6.4776432 47.1546227 7.0024123
46.5134821 6.6286326 46.9913519 6.9206277
46.948938 6.8339196 46.5182368 6.4906206
46.4720433 6.4277419 46.8478882 6.7107847
46.8218012 7.0946271 47.1940203 7.1326913
46.8227185 7.1483147 46.5787729 6.5720296
46.8327491 7.0217271 46.5961255 7.0868225
46.5990588 6.4831352 47.0132967 7.0981539
46.6025732 6.227089 46.8136676 6.9302193
46.8333863 6.8883003 46.485024 6.7754028
46.4705219 6.823105 46.6155036 7.0536479
46.6525979 7.0558432 46.5524006 6.3850754
46.6456234 6.4023274 46.4762844 6.4010671
46.5240008 6.6060268 46.5773946 6.3634382
46.4734638 6.8845891 46.431239 6.2502994
46.7767158 6.6046148 47.2646756 7.0382069
46.621226 6.6258091 46.6678777 6.5128329
46.5258194 6.9064873 46.5286077 6.6413179
46.6160911 6.595726 46.7945314 7.1068675
46.7156947 6.3967082 46.5066186 6.6675937
46.7153076 7.0355093 46.5615378 6.5287389
46.9255299 7.1151297 46.5579197 6.5348569
46.8104228 6.6223987 46.614271 6.7843788
46.504816 7.0622023 46.6981031 6.8525462
46.7770586 6.6106263 46.9229957 6.8099998
47.053758 7.0153979 46.6939466 6.4598264
46.4605885 6.302751 46.4643063 6.8942807
46.9289065 7.1303648 46.9551526 6.8336535
46.5136873 6.70613 47.01798 7.0066265
46.4608371 6.8555868 46.4603536 7.1069444
47.0369033 6.9425095 46.6429895 6.6254953
46.4812187 6.4550253 46.4475998 6.2795746
46.6054641 7.0692787 46.6563561 6.5066727
46.5554418 6.6351413 46.5297751 7.033244
46.4805396 6.3729339 46.7425806 6.605409
46.7003829 6.5684737 46.6284142 6.7762889
46.8222989 6.5034346 46.5178832 6.5187049
46.5983482 6.6119843 46.5492589 6.5492647
47.1088964 6.8299314 46.9648378 6.6849028
46.4614811 6.3446198 46.8380291 7.1370141
46.5911356 6.9214229 47.2796421 7.1340162
46.7882253 7.096267 46.8378888 7.1032134
47.0489194 6.8522885 46.6016589 6.6738906
46.4945941 6.7904426 46.5995957 6.6177196
46.7903797 6.6359931 47.0128229 6.6597246
47.0615727 7.0913726 46.8077405 6.5886749
47.0560647 7.064675 46.7617333 6.6481337
47.0628289 7.0856713 46.5528963 6.9307205
46.6381355 6.8574425 46.5965885 6.4915706
46.5154986 6.4582262 46.8869595 6.7659371
46.6219346 6.8504028 46.5231219 6.6810707
46.4929438 6.3516395 46.8188734 6.664287
47.0747543 7.0571228 46.4813775 6.8896166
47.0412216 7.0184608 46.8977046 7.1335643
47.0969757 6.8080573 46.4860052 6.8009332
46.7430204 6.9969911 46.8210562 7.1491236
47.0617602 6.7567999 46.5803463 6.3646948
47.1959261 7.146171 47.1950821 7.1442326
46.5422052 6.476313 46.6274434 6.6819489
46.6962827 6.9076665 46.7944011 7.1281246
46.4996064 6.7679018 46.7296051 6.4127277
46.4947798 6.7640318 47.0986622 6.823144
46.6972802 6.5181887 46.4337537 7.0655012
46.5715273 6.8245375 46.7065803 6.8424809
46.4962196 6.719946 46.4856748 6.9196729
46.5232108 6.6222683 47.0237922 7.0398284
46.6039755 6.5648567 47.0387193 6.7991362
46.7004495 6.7048886 46.4740792 6.4187669
46.9152068 6.5966264 46.9187682 7.115039
46.6199608 7.0570532 47.104673 6.8130304
46.8500095 6.9203634 46.5406399 7.0824743
46.7302786 6.8705013 47.2235662 7.1046271
46.4908433 6.3866863 46.6334156 7.0494614
46.5489287 6.5593251 46.4821657 6.7893203
46.8728531 6.925293 46.6973277 7.1428406
46.6440157 6.4799136 46.6333046 7.0603436
46.517887 6.9109645 46.603433 7.060144
47.0464626 7.1013694 46.7111935 7.022679
46.5829184 6.6119584 46.8373328 6.8253138
46.7828656 6.6456324 46.4909864 6.3948854
46.9866911 6.8720848 46.9942643 7.0806058
46.9188627 6.4587503 46.5562324 6.6596968
46.4680182 6.8654478 46.4835089 6.7940258
46.7723086 6.5389745 46.822474 6.9339305
46.4526848 6.8572481 46.8500095 6.9203634
46.8154401 6.9665632 46.7813105 6.7194513
46.9021263 7.0444468 47.1505246 6.9928785
47.2762668 7.1318871 46.5521805 6.5827145
46.6523025 6.8855555 47.1590931 7.0183492
46.5694891 6.557678 46.5697799 6.4897462
46.69151 6.71355 46.5155299 6.610256
46.8868787 6.5521261 47.1030763 6.8220386
46.7306123 6.3880907 47.0796399 7.0624536
47.2516186 6.9868843 46.6719221 6.7994366
47.0136299 7.0114114 46.8191944 6.532663
46.539948 6.66034 46.5911356 6.9214229
46.9146725 7.1131836 46.6113421 7.0084256
46.9719766 6.8583746 47.1050029 6.7868258
46.8424331 6.6114436 46.6401705 6.64538
47.0100851 7.0954324 46.8311192 7.05414
46.8121414 7.1365508 46.5051591 6.6722774
46.5221752 6.2961438 46.4647158 6.076281
46.7584328 6.8970549 46.9672417 6.85425
46.621568 7.115134 46.714903 6.4718792
46.8833578 7.0411672 46.6839563 6.649225
46.7489754 7.0023217 46.9469051 7.060687
46.5344049 6.5673726 46.4936392 6.7343238
46.5990479 6.5531135 46.5352034 6.5982056
46.5014246 6.4050301 46.8440141 7.1489584
46.6535919 6.2688493 46.9320618 6.8174748
46.4944302 7.0504787 47.0640259 7.0842913
46.6065041 7.0635806 47.1592504 6.9905382
46.5341318 6.7566617 47.0094102 7.0437341
46.8322227 7.0840547 47.115013 7.1363212
46.5413882 6.5005534 47.1467834 6.9833033
46.9916706 6.7567583 46.759747 6.5294254
46.8580799 7.1425545 46.8495827 6.7214921
46.9867963 6.8898052 46.6593492 7.105934
46.549711 6.5638878 46.5357255 6.6511786
46.9205136 6.9553227 46.5214981 6.4164837
46.5176814 6.6940916 46.8174462 6.8900017
47.09483 6.764049 46.6259058 6.9962071
47.1807637 7.0759848 47.2689002 7.0179484
46.5828638 6.5072978 46.8734242 6.9354498
46.7827044 6.5268135 47.0232241 7.005717
47.1094377 6.8422256 46.7663915 6.6511292
46.8061136 7.146319 46.5339189 6.6070981
46.4539998 6.909942 46.5876762 6.6263075
47.0206784 7.0279406 46.9991678 6.9561578
46.9235109 6.9768638 46.4590147 6.879384
47.0320963 6.9573905 46.5664061 6.5958811
46.550092 6.6742386 46.7360491 6.7642367
46.4586749 6.2966408 46.4762279 6.858316
47.0616589 6.7544192 46.470864 6.3951467
46.6621372 6.6762843 46.6881061 6.7031843
46.4522059 6.8577377 46.4870819 6.8602526
46.9648378 6.6849028 46.4601266 6.3405411
47.0528371 6.7542191 46.6160974 6.9746295
46.4878953 6.7316528 47.0914779 6.8251682
47.0835146 7.1336184 46.60262 6.3798269
46.5390598 6.6060402 46.7097776 6.4016087
47.0417469 6.8998893 46.7041068 7.1480358
46.7171315 7.0137115 46.5487121 6.5624502
46.5317361 6.6143163 46.6305555 7.0608333
46.7792016 6.6371376 46.7358911 6.640612
46.5270974 6.6957413 46.5130118 6.5459347
46.5802944 6.8707199 46.6443583 6.4719909
46.4819424 6.7909006 46.5163831 6.6670418
46.7251351 7.1433351 47.0958935 6.8246538
46.6824047 6.5645507 46.8698466 7.0084212
46.7887553 6.6370817 46.4817925 6.4119751
47.1931819 7.0425805 46.60647 6.2315219
46.8482789 6.9852303 46.6152913 6.9746177
47.2215479 7.0055337 47.046949 7.0303726
46.8323834 7.0623261 46.5800813 6.6820099
46.6103073 6.5852306 46.5250695 6.4743557
46.8348534 6.8480756 47.0337629 6.8941912
47.0096274 7.1019338 46.4634137 6.3347848
46.5093801 6.624412 46.5389215 6.7697075
46.4630663 6.8833155 46.6228595 6.9936683
46.8614283 7.0124758 46.5174837 6.4981795
46.6175228 6.974844 46.9437056 7.0312564
46.9837308 6.8775708 46.7633044 7.1502534
47.0668725 6.7045117 46.6195263 6.4091689
46.5176558 6.5251548 46.5718685 6.3584618
46.973525 7.0549632 47.017328 7.0134966
46.5384827 6.6261988 46.5779127 6.5920311
46.5747828 6.4790882 46.8905997 6.5795201
46.4949225 6.3917346 46.523878 6.6222546
46.6181687 6.9810381 46.6785263 6.9640362
46.6720766 6.803755 46.8238184 6.8171443
46.5169441 6.6403509 46.4653373 6.332862
47.0546164 6.7456856 46.4484975 6.9302283
46.4985863 6.3659447 46.4699043 6.8945995
47.1467481 7.0577388 46.5865995 6.6386141
46.5371173 6.9116662 46.6060292 6.5176586
46.6465938 7.1070832 46.8017552 7.0270153
46.453791 6.3331785 46.5384466 6.731791
46.4946967 6.7259303 46.7827805 7.0599285
47.0000488 6.8421208 47.0190195 6.9923378
46.7802923 7.1158893 46.8475679 6.853095
46.5837991 6.5091891 46.5558673 6.4742202
46.8877725 6.9063923 46.9423288 6.8434068
47.066215 6.9158519 46.6865887 6.705437
46.5124883 6.68686 46.4575463 6.8938173
46.5674774 6.8135538 46.5838071 6.612939
46.6793598 7.0639869 47.0119964 6.9712399
46.5484234 6.8244922 46.5232626 6.5873761
46.9418567 7.1519033 47.0910099 6.8089654
46.8280424 6.954437 46.5318086 6.8135315
46.5133473 6.5455161 46.5334197 6.6600227
46.7207464 6.5436877 46.5430735 6.8118542
46.5158143 6.7956018 46.9890147 6.9217965
46.6061018 6.2275221 46.5861414 6.8908833
46.5171891 6.6787256 47.0521487 7.0345222
46.4926531 6.2951322 47.1635211 6.8582155
46.7223335 6.6027386 46.904922 7.0731203
47.0980282 6.8329392 46.5805003 6.7406808
46.6203234 6.8187058 46.5998931 6.9253871
46.7260358 6.8430938 46.653849 7.1048559
46.7814069 6.6500631 46.4684464 6.838718
46.4844043 6.4568172 46.6171478 6.5949447
46.9022392 6.579859 46.4404818 6.2503243
47.0098856 6.9940846 46.7933679 7.1326986
47.1068166 6.8285221 46.8860252 7.0199073
46.5147459 6.4989301 46.9087217 6.6141429
46.6167209 6.6662485 46.7880886 7.0733909
46.6423306 6.6268137 46.8206163 6.5085683
46.7913888 6.6283232 46.6689669 7.0490091
46.6511644 6.7884099 46.4802747 6.4456388
46.5295699 6.6167991 46.5269402 6.4687235
47.0128566 7.1094511 46.9328481 7.123774
46.5315515 6.5690264 46.4982153 6.3049485
47.1609101 7.0181337 46.4994088 6.7203004
46.8103705 6.8737764 47.0325976 6.8671541
47.058082 6.8941199 46.6191731 7.0495535
46.7426571 6.5327885 46.9860534 6.9008505
47.1932381 7.1349983 46.6044551 6.9520668
46.5288827 6.6145982 46.7736822 6.6315934
46.4757661 6.8938078 46.5199494 6.6416661
46.5092448 6.318616 46.6435525 6.6407224
46.5145793 6.6273688 46.5655181 6.5950411
46.7263976 6.9921331 46.8426557 6.8545031
46.6256172 6.6467019 46.6230871 6.4125742
47.0408077 7.1016722 46.5144805 6.6534899
46.505041 6.4902385 47.2240423 6.9682687
46.5547089 6.5099578 47.0007976 6.7370182
46.8121779 6.6178936 46.4615262 6.3372238
47.0653499 7.0938368 46.5390035 6.6544176
46.8058581 7.0987691 46.7216584 6.388687
46.8282556 7.0167523 46.9897141 6.8930697
46.4879718 7.0439804 46.5429948 6.6236361
46.7887847 6.6190785 46.8075749 7.0739714
46.5277295 6.572754 46.7685304 6.6445081
46.4462374 6.2222809 46.8637405 7.1272686
46.9153491 6.7967058 46.9494566 6.8395614
46.7423293 7.1409539 47.208983 7.0045996
46.577882 6.2058171 46.9798571 6.8710148
46.612389 7.0545462 46.5244621 6.4214243
46.5502876 6.5683188 46.985956 6.8989822
47.0935042 6.8283106 46.558853 6.419036
46.4628489 6.8896911 46.9919561 6.9337582
46.6599517 6.3009266 47.1950821 7.1442326
46.9860749 6.8857675 47.2605562 7.1463741
46.6482344 7.0801683 46.51662 6.6962822
47.0200489 6.714318 46.7691352 6.6530111
47.2554425 7.1365707 46.5605965 6.9272991
46.4660657 6.8497981 46.5048541 6.4615712
46.9373319 6.7542611 46.734752 6.5303423
46.4628489 6.8896911 47.0349005 6.96777
46.7167167 6.6539839 46.5384325 6.729105
46.6841325 6.9562096 46.7649844 6.6416512
46.4387779 6.9149566 46.5387922 6.6591089
46.5514422 6.619917 46.5512581 6.5812442
46.469583 6.8389069 46.961261 6.838259
46.79472 6.6185508 46.5424424 6.5921084
46.6100173 7.0952543 46.5407182 7.0827845
46.5157181 6.6385446 46.5585153 6.8693004
46.6610416 6.6042294 46.6328264 6.9037934
47.1298135 6.9530546 46.6650837 6.9398334
46.9498322 7.0763178 46.5186612 6.5610933
47.1071165 6.8321703 46.5079156 6.8065855
46.5522838 6.6814039 46.5916445 7.0832092
46.6426971 6.8148503 46.9571614 6.5515538
46.4532572 6.8862403 46.5973184 6.627165
47.0940132 6.8288183 46.9226868 6.634056
47.0640864 6.9869251 46.549593 6.9017342
46.5384736 6.6591646 46.8489476 7.0463437
46.4583735 6.2082984 46.4449366 7.1223882
46.7486858 7.1273107 46.4667892 6.8970037
47.0615622 6.758452 46.9982097 6.9433361
46.5278978 6.4481307 46.4408132 6.2430425
46.504579 6.7968141 46.9808517 6.880378
46.9294042 7.1281975 46.5420206 6.6210604
46.5701618 6.5773166 47.1102738 6.8293211
46.8576906 7.0725604 46.4558034 6.8544141
47.0040762 7.1099217 46.8379377 7.1359433
47.0166985 6.9887543 46.7645545 6.893405
46.456273 6.336383 46.6044067 6.8249121
47.0980184 6.8129981 47.022199 6.893411
46.4562198 6.2937379 46.4390857 6.201314
46.60365 7.0729946 46.6926273 7.1294629
46.466713 7.0853846 46.6013823 6.4897913
46.5117439 6.6958936 46.5829852 6.6053816
46.8086134 6.6420952 46.7049193 7.1077887
46.52707 6.635343 46.4984071 6.4675205
46.6854274 6.4333267 46.8236756 6.5777244
47.0122075 6.9845417 46.6523972 7.0541668
46.5454455 6.5794319 46.9775156 6.8517143
47.1039572 6.8320282 46.8157498 7.1354308
46.4712372 6.3584886 46.4578072 6.2969686
46.6146665 6.6615022 46.8309146 6.9618352
47.054818 6.8918433 46.8122807 7.0394794
46.4422152 6.2150293 46.5145259 6.8024456
46.9073931 6.9897996 46.4432438 6.9128479
46.7856193 7.0386667 46.4981742 6.7825104
46.7839818 7.0663014 46.4815725 6.8315961
46.9734901 7.1363557 46.9321629 7.1274214
46.7088418 7.0567594 46.5391472 6.5876078
46.7648764 6.7517102 46.8497449 6.7216865
47.1396124 6.9663239 46.778103 6.6346912
47.0319766 7.1112695 46.7947528 6.6193138
46.6043344 6.8243895 46.7888458 6.9642012
46.5174862 6.458319 46.8931651 7.1059744
46.4647834 6.0730028 46.6552811 6.4908513
46.6031275 6.7783388 46.4851223 6.7731947
47.0025816 6.9534008 46.6806065 6.6085117
46.5370172 6.7299681 46.4615049 6.8459004
46.782762 7.0168663 46.4855392 6.7748575
46.9849415 6.8797484 46.6071044 6.7989999
46.7794719 6.6436048 46.8147095 7.0441657
46.6644303 7.1085303 46.4542325 6.8922828
46.9679372 6.8398194 46.8027924 6.7250685
46.8116048 7.1345144 46.7494424 6.934606
46.5552419 6.6870837 46.527391 6.6033827
46.5931917 6.7708058 46.5284069 6.6206955
47.0136833 6.7347455 46.514357 6.2607878
46.5394626 6.5794594 46.61819 7.1361102
46.6313439 6.4741175 46.604434 6.2291942
46.4818874 6.776553 46.8385393 6.9635739
46.518206 6.2623569 46.5688805 6.5671257
46.8738169 7.1318627 46.5964302 6.6399146
46.7602468 6.9304358 46.6203673 6.6584665
46.5894074 6.6016736 46.5185017 6.495514
46.7621925 6.8895194 46.8019019 7.1447805
46.5331369 6.6264474 47.1570209 7.0160325
46.5268115 6.6073879 46.5702506 6.3778389
46.6086227 7.0299679 46.7455486 6.8592902
46.5853969 6.584799 46.753993 6.9251567
46.902108 6.5789924 46.5256492 6.6062087
46.6222808 7.0581182 46.5154622 6.5597983
47.0525666 7.0355896 46.8179608 6.8889552
46.7705961 6.9121692 46.9705545 6.5736823
46.9379994 7.1441379 46.6573697 6.8959051
46.9489742 6.8199665 46.6014684 7.0912045
46.5021749 6.4859601 46.6497582 7.0710152
46.6035322 7.0967319 46.4768244 6.832471
46.990045 6.9209735 46.4462159 6.2329435
46.7647876 6.8922565 46.9639418 7.1155465
46.5614346 6.7868818 46.7914481 6.6117532
46.5528963 6.9307205 46.8220508 6.9404573
46.85593 7.0627053 46.4787646 6.7730169
46.58854 6.6430757 46.4422285 6.2168374
46.6048 6.7732817 46.5433043 6.7632913
47.1015981 6.8304751 46.5793904 6.8388198
46.8541498 6.7228148 46.5448002 6.705093
47.0660789 7.1017203 46.9172193 7.1085298
46.8688997 7.1236702 46.7142413 6.7001858
46.6037133 6.5299804 46.5314061 6.5845704
46.4379504 6.2491845 46.5984405 6.6705659
46.4613608 6.2057653 46.6531577 7.0532187
46.5078096 6.6708267 47.2244751 7.1163886
46.8652207 7.0270279 46.5513908 6.5447307
46.8645824 7.1199346 46.7121041 6.9319563
46.9913245 6.9193262 46.9168988 6.5965314
46.4427107 6.1641409 46.4926422 6.4719329
46.4910126 6.2431547 46.6210383 6.6566783
46.4638703 6.8759271 46.5472609 6.5753182
46.4713486 6.8530579 46.4439946 6.3192412
46.8276506 6.9064534 46.7134076 6.6914635
46.6303768 7.0605968 47.0378956 7.1052792
46.7551672 7.033805 47.06868 6.7153783
46.6598887 6.5085584 46.8992932 6.4572635
46.9988351 6.9242228 46.488754 6.8073796
46.5751274 6.7253834 46.4379504 6.2491845
46.7826436 6.8318878 46.8221528 6.6599404
46.4880036 6.4527806 47.0123991 6.987269
46.5554148 6.6951802 46.4988315 6.3116431
46.7747895 7.0357005 46.8494476 6.8525496
46.6448996 6.5811901 46.6942113 6.7170002
46.6758797 6.8038872 46.9864541 6.8937263
46.5614405 6.6271739 46.9199194 7.1082725
46.911213 6.9921727 46.7556805 6.9006727
46.7159073 6.638596 46.4888972 6.3851053
46.6202276 7.0665692 46.538505 6.6247605
47.0219494 7.0364765 46.4521052 6.8642458
46.6626249 6.8899911 47.0257382 6.9552866
46.9919441 6.9105404 46.81929 6.5121983
47.1295836 7.0076552 46.603865 6.562451
46.5430013 6.623522 46.5192816 6.5125599
46.9135841 7.1501836 46.8212171 6.9723724
46.4752142 6.4372431 46.5717326 6.8262026
46.5410209 6.5935721 46.4626198 6.3514755
46.4755746 6.8471756 46.520957 6.6303234
46.8615536 7.0838439 46.5471076 6.6698394
46.8432659 6.6854014 46.7843657 7.0365017
46.5503286 6.6165486 46.8255349 6.928453
46.5965986 6.3914168 46.8188419 6.5243862
46.6384936 6.8656717 46.5758973 6.438953
46.6338004 6.7257896 46.5297751 7.033244
47.0933818 6.8192927 46.6430165 6.3548045
46.6879139 6.4589959 46.8079392 7.1520467
46.677496 6.6695095 46.4339217 6.9163994
46.5385217 6.7310129 46.8759503 6.9558261
47.2229079 7.0058639 46.9962912 6.9308097
46.5305715 6.6186684 46.6224175 7.0682511
46.5690661 6.8223493 46.5198402 6.6900867
46.9929419 6.8485707 46.5053315 6.8862835
46.8875634 6.5495523 46.6970249 6.9748719
46.9977618 6.7294388 46.6478068 7.0358263
46.9840565 6.9099243 46.6409237 6.3055458
46.5192276 6.5718864 47.1109247 6.7814065
46.7038583 6.9332317 46.5098814 6.7128127
46.5246421 6.6282265 46.5830401 7.0712316
46.822031 6.9714321 46.7870321 7.0960224
46.4397863 6.2206392 46.7910391 6.6394533
46.9498991 7.0685757 46.6087539 7.0684324
46.4571716 6.3309148 46.6812404 6.60683
46.494404 6.3926648 47.0248967 6.9242278
46.6233111 7.0813036 46.9243184 7.0290022
47.0946679 6.8163884 46.5046648 7.060129
46.5995375 6.6134533 46.9064052 7.0780389
47.0155172 7.0449765 46.5360296 6.5796791
46.5270459 6.4942621 46.7717107 6.6369681
46.7688279 7.0953644 46.8046865 6.9532871
46.5984103 6.7583195 46.5758986 6.4388813
46.5368432 6.5890257 46.6233111 7.0813036
46.7272407 6.5834208 46.5461504 6.6003046
47.0502207 7.0335816 46.9074897 6.5821263
46.7761251 6.6288422 46.5053315 6.8862835
46.9662292 6.8646531 46.5761287 6.6192471
46.7827809 7.1493613 46.6224499 7.0720763
47.0421502 6.9029207 47.108597 7.1412388
47.0164086 6.6682165 46.453337 6.3272752
46.9649251 7.1183761 47.0837083 7.1342582
46.5587058 7.039635 46.5254985 6.5875578
47.1750793 7.056464 46.8612935 7.1429091
46.5341107 6.694429 46.6070295 7.0314391
46.6369469 6.6033417 46.8176019 6.9768496
46.9581377 7.051851 46.6261017 7.0775953
46.4566888 6.3020388 46.7755606 6.7215897
46.4781286 6.2518114 46.7450659 7.0987858
47.0522785 6.8784702 46.9833734 6.6076331
46.5678968 6.7825298 46.7071002 6.833533
46.5626055 6.5926661 46.4627916 6.8419095
46.5589613 6.5763671 46.7647771 6.6417432
47.1824228 6.9102716 46.5553404 6.5587352
46.5952613 6.7717276 46.9567009 6.7231637
46.8416062 6.8326306 46.8439617 6.9928054
46.8243223 7.1106596 46.5513274 6.8721151
46.7345524 6.6681995 46.7690846 7.0676428
47.0091104 7.0172157 47.0548298 6.8896954
46.7478159 7.0005889 46.7299815 6.4089578
46.5687343 7.0862418 46.861328 7.1211373
46.6199603 6.8196761 46.5975389 6.5542895
46.6465163 6.7796312 46.4303617 6.9192662
46.492694 6.4535362 46.6180468 6.4731675
46.8421161 6.8562317 46.6401074 6.6338838
46.6708042 6.794982 46.7588695 6.4982088
46.5301659 6.8953833 46.9226868 6.634056
46.5383732 6.5941125 46.6009651 6.604917
46.4575674 6.2984299 46.65713 6.4821138
46.4412605 6.2235097 46.4707838 6.408596
46.7228813 6.5324065 46.9882399 6.8939298
46.4929349 6.7872351 46.5854773 6.5055885
46.5404543 6.5763026 46.5384142 6.5680676
46.4668166 6.8360758 46.5932238 7.0536151
46.6685269 6.555605 46.789866 7.1378798
46.4743248 6.3391714 46.6592963 7.1018169
46.5078769 6.6512809 46.6698571 7.1099601
46.7166844 6.6416937 46.866014 6.912834
46.6455681 7.1091858 47.22139 7.0554462
46.8712046 6.7547065 46.5421315 6.9137626
46.770732 6.968195 46.5661082 6.5611397
47.0011238 6.7137556 46.8077655 6.5490701
46.5099769 6.6543233 46.7766879 6.6465216
47.1945482 6.9216086 46.5627043 7.0354329
46.5187311 6.9602566 47.0198765 6.9870136
46.7184765 7.0592576 46.984519 6.8975321
46.8306184 6.542468 46.6376513 6.6628383
46.6100174 6.5229868 46.923635 6.6356519
46.5868592 6.7438572 46.4414069 6.2503535
46.6768974 6.6744894 46.5263159 6.6121488
46.4942767 6.7170744 46.6444966 7.0521574
46.7662871 6.5921138 47.2161114 7.0129306
46.6635502 6.4718758 46.8252219 7.14822
46.6400288 6.8331994 46.4367707 6.9106198
47.0209372 7.0357334 46.4660066 6.0718943
46.5296768 6.5660315 46.5101231 6.492839
46.7526802 7.106027 46.5322547 6.5185652
46.725465 7.0917291 46.4902168 6.7314374
46.6828539 6.5649799 46.4780122 6.2351431
46.4704214 6.8671122 46.8487714 6.9202672
46.4596083 6.881835 46.5791066 6.7399231
46.7725496 6.649332 46.5236012 6.519402
47.0063636 7.0981627 46.5567046 6.8313556
46.515074 6.6984705 46.5583214 6.6160296
46.7307162 6.6892796 46.5702159 6.5123604
46.6596123 6.5185375 46.5842745 6.2148454
46.6601029 6.4790226 46.4397453 6.915481
46.8050059 7.0304779 46.5216412 6.640341
46.5560944 6.5705032 46.50467 6.760696
46.5526119 6.6348135 46.4678977 6.8355934
46.4628822 6.8420129 46.4706739 6.3365161
46.5291109 6.5660177 46.5521386 6.6917772
46.5327995 6.5356945 46.4729642 6.8647655
46.4697041 6.8948469 46.7621755 6.8180042
46.5573913 6.5960123 46.5119978 6.4989917
46.5092118 6.656317 46.6191561 6.9834914
46.7029578 6.56915 47.040521 7.1019146
47.0170839 6.7703735 46.5365051 6.5462497
46.5181385 6.4884847 46.9019316 7.1387602
46.8195127 6.9498064 47.1530842 7.0024323
46.6928953 6.4601546 46.5322547 6.5185652
46.7728068 7.0780911 46.7617283 6.5236688
46.8489207 6.7077023 46.7685773 7.1367326
46.5228019 6.124297 46.828102 7.1449492
46.9646225 6.8640656 46.704133 7.0177841
46.6426361 6.4885174 46.8835995 7.0285571
46.5086096 6.6258164 46.9710775 6.8621424
46.5305029 6.5417723 46.7322247 6.3835589
47.0091982 6.9998772 46.7848717 6.5777644
46.8087762 6.8279175 46.7193262 7.1041766
46.8095732 6.995464 46.6152693 6.975034
47.0156803 7.0469162 46.6719165 7.0471059
46.5703069 6.81574 47.1925097 7.0381638
46.5069198 6.3881589 47.1017262 6.8282674
46.6198731 6.5060114 46.7792686 6.720495
46.7840628 6.8815201 46.8009176 6.9798263
46.8167029 7.1377031 46.6862662 6.533523
46.5417104 7.0702431 46.5546043 6.5504267
46.9828876 6.8834772 46.7208499 7.0241105
46.6392562 6.5976836 47.1194838 6.8797263
46.6085348 7.0681691 46.5044043 6.6704686
46.6430302 6.6376896 46.7216584 6.388687
46.7193712 7.0228075 46.6383116 6.6477499
46.7225889 6.386794 46.5514315 6.6968475
46.5494382 6.5798169 46.9955538 7.108433
46.8047674 6.7316855 47.0766061 7.0191154
46.5181178 6.565636 46.945532 6.8521415
46.6665485 6.5254377 46.5563378 6.7475963
46.5729829 6.7515323 46.7251803 6.8490435
46.9890958 6.9012055 46.5521213 6.6990697
47.0679029 6.7616414 46.6606701 6.8745833
47.0061331 7.1056036 46.5007882 6.6911541
47.078361 6.7190541 46.8030363 6.7975353
47.0156477 6.9796087 47.1132181 7.1160538
46.8213813 6.948859 47.1167785 7.076519
46.6150416 7.0150053 46.6711374 6.8046388
47.043199 7.0359515 47.0057023 6.9966588
46.5409195 6.576652 47.0446571 6.7196156
46.4603296 6.8418564 46.5033729 6.850786
47.2596526 6.9911088 46.5109713 6.6370789
47.2218146 7.1087674 46.5808513 6.6057817
46.5484087 6.5552693 46.6208047 6.6407706
46.5108406 6.6360579 47.0591992 7.0785754
46.9980512 6.9536954 46.6686025 7.0587896
46.7424307 7.0865543 46.9855741 6.9004234
46.5625256 6.6093275 46.4512279 6.8662909
46.4488385 6.8680652 46.7886384 7.13933
46.5835087 6.4321939 46.5254527 6.6181892
46.6244452 6.4378623 46.6566562 6.644584
46.6936614 7.1346819 46.4707908 6.8555854
47.0074302 7.0455359 46.593218 6.5538222
47.0700793 6.9636924 46.8700361 6.750061
46.8986518 6.9428478 46.65791 6.5082033
46.6492215 6.9275598 46.9619125 6.8648775
47.0404547 6.8974245 46.7601527 6.5300108
46.6364221 7.0528244 46.6007067 7.0744595
46.5529217 6.6988481 46.7713918 6.9132951
47.0681866 6.8801053 46.6226013 6.5785902
46.947009 6.8458238 46.7105261 6.3822686
47.02674 6.8931052 46.8801994 7.0196699
46.6568086 6.2508633 46.6275416 6.8482546
46.787133 6.6384549 47.0919121 6.8096953
47.0946558 6.8339026 47.0542595 7.0487407
46.463724 6.8829309 46.6951191 6.7883105
46.6572924 7.1004387 46.4394626 6.2504104
46.7395381 6.54057 46.999926 6.9139645
46.7981321 7.1216568 47.0947938 6.812258
47.0256642 6.9922765 47.0930236 6.8474296
47.0583693 7.0684955 47.0568306 7.0643328
46.7959567 6.7434375 46.5770467 6.8673344
46.7948638 7.1189151 46.8928614 6.9855997
46.5217803 6.5026308 46.8376823 6.6897255